0 768 16
0 1024 15
192 1024 13
256 1024 13
448 1024 13
512 1024 13
576 1024 13
640 1024 13
384 1024 13
320 1024 13
704 1024 13
768 1024 13
832 1024 13
896 1024 13
960 1024 13
1024 1024 13
1088 1024 13
1152 1024 13
1216 1024 13
1280 1024 13
1344 1024 13
1408 1024 13
1472 1024 13
1536 1024 13
1600 1024 13
1728 1024 15
64 1024 15
128 1024 15
1664 1024 13
1856 768 16
1792 1024 15
1856 1024 15
256 704 14
320 704 14
384 704 14
768 512 14
1088 448 14
1152 448 14
1216 448 14
1280 448 14
1344 448 14
1408 448 14
1472 448 14
1536 448 14
1792 960 7
1408 832 14
1600 704 14
1664 704 14
1344 832 14
1856 512 14
1792 512 14
1280 192 16
