320 1024 12
256 1024 12
192 1024 12
128 1024 12
64 1024 12
0 1024 12
384 1024 12
448 1024 12
512 1024 12
576 1024 12
640 1024 12
704 1024 12
768 1024 12
832 1024 12
896 1024 12
960 1024 12
1024 1024 12
1088 1024 12
1152 1024 12
1216 1024 12
1280 1024 12
1344 1024 12
1408 1024 12
1472 1024 12
1536 1024 12
1600 1024 12
1664 1024 12
1728 1024 12
1792 1024 12
1856 1024 12
256 448 10
192 448 10
128 448 10
64 448 10
0 448 10
320 448 10
384 448 10
448 448 10
1024 640 10
448 384 7
1088 640 10
960 640 10
